gene,progenitor,effector,terminal exhausted,cycling,other,objective function
Litaf,0.071625344352617,0.3526170798898072,0.2369146005509642,0.3278236914600551,0.0110192837465564,2.822769408488101
Dvl1,0.042016806722689,0.307563025210084,0.2672268907563025,0.3647058823529411,0.0184873949579831,2.1666168135166726
Arid5b,0.011240632805995,0.0445462114904246,0.4129891756869275,0.5137385512073273,0.0174854288093255,0.37140928291003306
Crem,0.0341655716162943,0.4257555847568988,0.2141918528252299,0.3088042049934297,0.0170827858081471,2.640583916930012
Satb1,0.1924603174603174,0.2599206349206349,0.2063492063492063,0.3194444444444444,0.0218253968253968,4.247032226477964
Nr4a2,0.1970588235294117,0.0794117647058823,0.3,0.4102941176470588,0.013235294117647,3.387240816138566
Irf2,0.0346320346320346,0.1627705627705627,0.3333333333333333,0.4519480519480519,0.0173160173160173,1.3783051403987627
Id2,0.2735042735042735,0.2051282051282051,0.2136752136752136,0.2905982905982906,0.017094017094017,5.089449563353908
Ep300,1.0,0.0,0.0,0.0,0.0,14.814814814814813
Lrp1,0.3055555555555556,0.1666666666666666,0.375,0.1388888888888889,0.0138888888888888,4.479199277288835
Ezh2,0.2307692307692307,0.3461538461538461,0.1538461538461538,0.2692307692307692,0.0,5.265257330247252
Nr3c1,0.0506666666666666,0.0906666666666666,0.312,0.5333333333333333,0.0133333333333333,1.5476453413672338
Tcf7,0.1043771043771043,0.2929292929292929,0.3131313131313131,0.2760942760942761,0.0134680134680134,2.6482242678195798
Dkk3,0.1875,0.2083333333333333,0.2291666666666666,0.375,0.0,3.996421808849388
Oxnad1,0.423728813559322,0.2542372881355932,0.135593220338983,0.1864406779661017,0.0,7.5326900459216555
Sub1,0.1119402985074626,0.1940298507462686,0.3059701492537313,0.373134328358209,0.0149253731343283,2.558986051454512
Rps6,1.0,0.0,0.0,0.0,0.0,14.814814814814813
Sp140,0.5151515151515151,0.1212121212121212,0.1212121212121212,0.2424242424242424,0.0,8.441407190232344
Batf,0.6666666666666666,0.0,0.1666666666666666,0.0,0.1666666666666666,9.344741465566822
Ldhb,0.1030927835051546,0.134020618556701,0.345360824742268,0.4123711340206185,0.0051546391752577,2.116124881264474
Tbx21,1.0,0.0,0.0,0.0,0.0,14.814814814814813
Eomes,0.4375,0.3125,0.0625,0.1875,0.0,8.250474295253479
Il12rb1,0.032520325203252,0.1869918699186991,0.3159117305458769,0.4506387921022067,0.0139372822299651,1.5147750563677502
Elf1,0.2602739726027397,0.3424657534246575,0.1780821917808219,0.2054794520547945,0.0136986301369863,5.444855107621572
Foxm1,0.6428571428571429,0.0714285714285714,0.1428571428571428,0.1428571428571428,0.0,9.772940658852061
Foxp1,0.1111111111111111,0.2091503267973856,0.326797385620915,0.3333333333333333,0.0196078431372549,2.4508440485349405
Runx2,0.0343839541547277,0.2808022922636103,0.2750716332378223,0.3954154727793696,0.0143266475644699,1.979212874016976
Ctnnb1,0.5348837209302325,0.2093023255813953,0.1395348837209302,0.1162790697674418,0.0,8.773632137193502
Sp100,0.0244755244755244,0.2884615384615384,0.2814685314685314,0.3916083916083916,0.0139860139860139,1.838825347730501
Fzd3,0.1942446043165467,0.2014388489208633,0.2230215827338129,0.3597122302158273,0.0215827338129496,4.044082357995713
Egr1,0.2746781115879828,0.278969957081545,0.2317596566523605,0.2145922746781116,0.0,5.207422713100295
Lef1,0.27,0.28,0.18,0.26,0.01,5.423991085306459
Gsk3b,0.2978723404255319,0.1106382978723404,0.251063829787234,0.3106382978723404,0.0297872340425531,4.931671756627933
Foxo1,0.1,0.1888888888888888,0.3555555555555555,0.3555555555555555,0.0,2.1545269421992344
Hmgb1,0.0716180371352785,0.2307692307692307,0.3368700265251989,0.3421750663129973,0.0185676392572944,1.9592657114434608
Yy1,0.6,0.2,0.08,0.12,0.0,9.893411871068635
Arid4b,0.0566037735849056,0.1179245283018868,0.3883647798742138,0.4261006289308176,0.0110062893081761,1.2484389248080898
Nr4a3,0.2804054054054054,0.1672297297297297,0.2364864864864864,0.3023648648648648,0.0135135135135135,4.968184110099986
Prdm1,0.2994791666666667,0.0885416666666666,0.2473958333333333,0.3541666666666667,0.0104166666666666,4.972821323052191
Hmgb2,0.231578947368421,0.1894736842105263,0.2526315789473684,0.3263157894736842,0.0,4.360472089777241
Tox,0.1891891891891892,0.4324324324324324,0.2162162162162162,0.1351351351351351,0.027027027027027,4.519690390163541
Nr4a1,0.2826086956521739,0.1304347826086956,0.2934782608695652,0.2880434782608695,0.0054347826086956,4.60698596721533
Tox2,0.0173090237710593,0.0570043849526886,0.3678744518809139,0.5308100623124856,0.0270020770828525,0.7082120768484934
Tcf3,0.146067415730337,0.1685393258426966,0.2134831460674157,0.449438202247191,0.0224719101123595,3.4327274619346344
Dvl3,0.3478260869565217,0.1630434782608695,0.2391304347826087,0.2282608695652173,0.0217391304347826,5.7496170426878255
Rad21,0.4,0.4,0.1,0.1,0.0,7.7693687457299045
Runx3,1.0,0.0,0.0,0.0,0.0,14.814814814814813
Zfp292,0.1246006389776357,0.5559105431309904,0.0990415335463258,0.2108626198083067,0.0095846645367412,4.718670465805819
Rela,0.2282608695652173,0.2934782608695652,0.1413043478260869,0.2826086956521739,0.0543478260869565,5.051038638651948
Hif1a,0.0321167883211678,0.1167883211678832,0.3372262773722628,0.5065693430656935,0.0072992700729927,1.2486487698902953
Sox4,0.0696969696969697,0.1121212121212121,0.2909090909090909,0.5121212121212121,0.0151515151515151,1.9450847569331435
Dvl2,0.024390243902439,0.1155085135757018,0.3041877588587207,0.5494707777266452,0.0064427059364933,1.3429125788123728
Irf9,0.375,0.1770833333333333,0.2395833333333333,0.1979166666666666,0.0104166666666666,6.140311578578919
Ikzf3,0.0530035335689045,0.127208480565371,0.3886925795053003,0.4151943462897526,0.0159010600706713,1.210513578253796
Fzd6,0.135678391959799,0.2613065326633166,0.2613065326633166,0.3266331658291457,0.0150753768844221,3.2554029557505615
Tpt1,0.44,0.16,0.12,0.28,0.0,7.61271956204061
Id3,0.391304347826087,0.0869565217391304,0.217391304347826,0.3043478260869565,0.0,6.294317567805681
Stat4,0.3,0.3,0.2,0.1666666666666666,0.0333333333333333,5.661959149730444
Eef2,1.0,0.0,0.0,0.0,0.0,14.814814814814813
Atf2,0.1205673758865248,0.2482269503546099,0.3049645390070922,0.2978723404255319,0.0283687943262411,2.7565080574430345
Klf2,1.0,0.0,0.0,0.0,0.0,14.814814814814813
Myb,0.4193548387096774,0.2258064516129032,0.1935483870967742,0.1612903225806451,0.0,7.083245139388201
Zeb2,0.0174825174825174,0.1153846153846153,0.282051282051282,0.4393939393939394,0.1456876456876457,1.0298817129856248
Il12rb2,0.1818181818181818,0.2032085561497326,0.3048128342245989,0.2941176470588235,0.0160427807486631,3.4401556177625148
Gm7967,0.2291000533441348,0.19214628294915,0.2757294165148354,0.2912003729258012,0.0118238742660784,4.1732344816214555
Lpar5,0.2291000532881519,0.1921462829740916,0.275729416462302,0.291200373039832,0.0118238742356223,4.173234481369462
Lsm4,0.4905422108365656,0.2508721025319543,0.1123047863897966,0.1426078068522903,0.0036730933893931,8.468989483096511
Metap1,0.2291000532192264,0.1921462829977561,0.2757294163750354,0.2912003731774192,0.0118238742305626,4.173234481090543
Tex264,0.2291000532829626,0.1921462829780554,0.2757294164627301,0.2912003730510603,0.0118238742251914,4.173234481338756
Phka1,0.2291000533369492,0.1921462829524871,0.2757294165085282,0.2912003729404915,0.0118238742615437,4.173234481588506
2410131K14Rik,0.2291000532347943,0.1921462829908561,0.275729416389759,0.2912003731457234,0.011823874238867,4.173234481160458
Gdi2,0.3679111558870341,0.1564694059010359,0.1913810866213438,0.2781321353426162,0.0061062162479699,6.2953730175586475
H2-Ob,0.2291000532773061,0.1921462829773959,0.2757294164472249,0.291200373061315,0.0118238742367579,4.173234481327439
Esrra,0.1504805249513086,0.1739644650045632,0.2476991132863255,0.4156111471099908,0.0122447496478117,3.3285296460472997
Ift57,0.1898323765436245,0.1600755760264731,0.2963102243345391,0.3369074437970883,0.0168743792982748,3.4894554657874783
Stn1,0.2291000533099913,0.1921462829674019,0.275729416492546,0.2912003729965589,0.0118238742335016,4.173234481454243
Ormdl1,0.1504805248024532,0.173964464904153,0.2476991133687966,0.4156111472959465,0.0122447496286505,3.3285296435743135
Snhg14,0.2291000534422859,0.1921462829151672,0.2757294166381938,0.2912003727297614,0.0118238742745915,4.173234482019904
Chd7,0.366368774303367,0.1708859061819988,0.1981206945220207,0.2599788645267751,0.0046457604658384,6.273468767942769
Ddx46,0.3039067706876157,0.2413318366664664,0.1689547298209803,0.2783160256870097,0.0074906371379277,5.823872080368103
Dph2,0.2291000533115363,0.1921462829602047,0.2757294164731213,0.2912003729908187,0.0118238742643189,4.173234481490151
Msrb3,0.2291000531278331,0.1921462830271898,0.2757294162530849,0.2912003733590811,0.0118238742328108,4.173234480729356
Rab24,0.2118261840106724,0.2098040160338144,0.2864427051410697,0.2750780949496133,0.0168489998648301,3.926228197662425
Elp4,0.2291000532955528,0.192146282971493,0.2757294164714878,0.2912003730250355,0.0118238742364305,4.173234481399668
Oxr1,0.2291000532904048,0.1921462829703627,0.2757294164556764,0.2912003730341573,0.0118238742493987,4.1732344813917255
Fgfbp3,0.2291000532111915,0.1921462829981394,0.2757294163572444,0.2912003731925118,0.0118238742409127,4.173234481068595
Klhl11,0.2291000531987923,0.1921462830008722,0.2757294163366572,0.2912003732166556,0.0118238742470226,4.1732344810252
Gm14137,0.2291000531445728,0.1921462830194495,0.2757294162678874,0.2912003733248717,0.0118238742432184,4.173234480805961
Gm48708,0.2291000534684186,0.192146282904469,0.2757294166657453,0.2912003726769085,0.0118238742844584,4.173234482133331
Actr1a,0.2515236408256737,0.1637042698072557,0.2336643745180688,0.3398947448367124,0.0112129700122891,4.628214091921236
Lix1l,0.229100052774295,0.1921462831435255,0.2757294157892863,0.2912003740627937,0.0118238742300995,4.173234479321145
AI413582,0.1633786253358226,0.2257696073819572,0.2356692887909265,0.3668724451197219,0.0083100333715715,3.6807398650696217
Nedd4l,0.2291000532212222,0.1921462829943119,0.2757294163687137,0.2912003731723361,0.0118238742434161,4.173234481110893
Stx12,0.2291000533977615,0.1921462829373799,0.2757294166040327,0.2912003728213994,0.0118238742394263,4.173234481808921
Tmco6,0.150480524787099,0.1739644648813722,0.2476991133746889,0.4156111473076779,0.0122447496491618,3.328529643249327
Arhgap45,0.4282882127514666,0.1371342671161786,0.1765563731202683,0.2362364409740572,0.0217847060380292,7.038097462062913
Gm33533,0.2291000530474553,0.192146283054902,0.2757294161516898,0.2912003735195752,0.0118238742263774,4.173234480403576
Rbm22,0.2118261837779967,0.2098040161875093,0.2864427050538104,0.2750780951203396,0.0168489998603438,3.926228195662148
Habp2,0.1504805249330942,0.1739644649921137,0.2476991132963826,0.4156111471326472,0.0122447496457621,3.3285296457437807
Socs6,0.2291000533112055,0.1921462829651166,0.2757294164880909,0.2912003729933909,0.0118238742421961,4.173234481467469
Fnbp4,0.1504805242509149,0.1739644644715839,0.24769911366163,0.4156111479486534,0.0122447496672176,3.3285296340708443
Mettl17,0.229100053271963,0.1921462829754389,0.2757294164283004,0.2912003730704703,0.0118238742538274,4.173234481322684
Coq2,0.2118261839966557,0.2098040160600712,0.2864427051841624,0.2750780948988666,0.0168489998602439,3.926228197313058
Smarcal1,0.2291000533100056,0.1921462829667223,0.2757294164904003,0.2912003729962617,0.01182387423661,4.173234481457302
Nat2,0.2291000531230586,0.1921462830228445,0.2757294162278474,0.2912003733662274,0.0118238742600219,4.173234480736654
Nme6,0.2291000529998036,0.1921462830697019,0.2757294160863527,0.2912003736140745,0.0118238742300671,4.173234480217689
Mir22hg,0.2291000533638695,0.1921462829363117,0.2757294165203785,0.2912003728839917,0.0118238742954483,4.173234481728281
Hspb9,0.2291000532521811,0.1921462829847545,0.2757294164113485,0.291200373110964,0.0118238742407518,4.173234481231406
Dnmt3b,0.2291000533481751,0.1921462829461103,0.2757294165146511,0.2912003729170776,0.0118238742739857,4.173234481645155
Rfesd,0.1898323766846801,0.1600755759754145,0.2963102245401086,0.3369074435120922,0.0168743792877046,3.489455466250928
Eif6,0.3256121533211178,0.2382311212854304,0.1491097711182074,0.2795563217581752,0.0074906325170689,6.197131585322344
Pdk2,0.2291000529266595,0.1921462830949417,0.2757294159941517,0.2912003737601333,0.0118238742241136,4.173234479921133
Prrc2a,0.4027597456829959,0.1552581260190884,0.18329623281175,0.2511952563003014,0.0074906391858641,6.762970403955218
Hltf,0.2291000533745105,0.1921462829453456,0.2757294165745395,0.2912003728678056,0.0118238742377988,4.173234481714909
Gstm7,0.2291000529524511,0.1921462830836333,0.275729416018939,0.2912003737076713,0.0118238742373051,4.173234480036415
Gm31597,0.1504805246900055,0.173964464810528,0.2476991134273562,0.4156111474257628,0.0122447496463474,3.3285296416061776
D930048N14Rik,0.2291000530575837,0.1921462830448448,0.2757294161434117,0.2912003734967355,0.0118238742574241,4.17323448047383
Commd10,0.2291000532702156,0.1921462829778263,0.2757294164318207,0.2912003730746704,0.0118238742454668,4.17323448130766
Yif1b,0.3220118530210371,0.1803561431389337,0.2111101123874954,0.2814967659209802,0.0050251255315535,5.674921910879576
Fgf23,0.2291000530212593,0.1921462830631582,0.2757294161161566,0.2912003735715731,0.0118238742278526,4.173234480300852
Miga2,0.2291000531963837,0.1921462830043312,0.2757294163420487,0.2912003732225122,0.011823874234724,4.173234481003745
Tmem230,0.2291000530697816,0.1921462830445287,0.2757294161712724,0.2912003734739292,0.011823874240488,4.17323448050597
Ada,0.2291000532178511,0.1921462829976846,0.2757294163715504,0.2912003731799479,0.0118238742329657,4.1732344810873965
Tradd,0.1504805248430738,0.1739644649180256,0.2476991133434445,0.4156111472370901,0.0122447496583658,3.328529644173043
Gm5475,0.2291000532647872,0.1921462829814425,0.2757294164305678,0.2912003730862049,0.0118238742369976,4.173234481277899
Naa60,0.2291000531832281,0.1921462830119991,0.2757294163354983,0.2912003732500285,0.0118238742192458,4.173234480936491
Morc3,0.2118261836135988,0.2098040163037735,0.2864427050139752,0.275078095213426,0.0168489998552264,3.926228194145566
Phyh,0.2291000532924899,0.1921462829735318,0.2757294164707755,0.291200373031543,0.0118238742316596,4.173234481382883
Pdk3,0.3415339168580159,0.1604002508933637,0.1983484638775877,0.2925231237957683,0.0071942445752644,5.9378149563286975
Adrm1,0.4573805072905544,0.1641108433926408,0.2178167825233568,0.1560622374673727,0.0046296293260751,7.261610068088908
Zfp598,0.2291000533294709,0.1921462829587688,0.2757294165109711,0.2912003729568994,0.0118238742438897,4.173234481541723
Timm8b,0.3247760622008182,0.2206725262697417,0.1449291744476957,0.2840156568268436,0.0256065802549006,6.125725520996216
Nfyc,0.1724743321841115,0.2236929048784637,0.2378315939625739,0.353781798749534,0.0122193702253167,3.7653023754733916
4930481B07Rik,0.2291000532018494,0.192146283002119,0.2757294163478925,0.2912003732114681,0.0118238742366708,4.173234481027356
Gm27201,0.2291000532772279,0.1921462829751444,0.2757294164398191,0.2912003730605634,0.0118238742472451,4.173234481337258
Olfr1369-ps1,0.2291000530523151,0.192146283046874,0.2757294161374474,0.2912003735073404,0.011823874256023,4.173234480451532
Gm527,0.2291000531085584,0.1921462830319895,0.2757294162228509,0.2912003733968324,0.0118238742397685,4.173234480659444
Cd22,0.2291000533280731,0.1921462829593817,0.2757294165096277,0.2912003729597427,0.0118238742431749,4.173234481535475
Gm48796,0.229100053314918,0.1921462829647279,0.2757294164956327,0.2912003729863331,0.0118238742383881,4.173234481478551
Gm28229,0.2291000533231892,0.1921462829609794,0.2757294165031907,0.2912003729694601,0.0118238742431802,4.1732344815160625
Ebi3,0.2291000530278208,0.1921462830580996,0.2757294161154655,0.2912003735573573,0.0118238742412568,4.173234480339887
Gm29114,0.2291000531198137,0.1921462830295911,0.2757294162418026,0.2912003733749488,0.0118238742338435,4.1732344806984685
Btbd7,0.2291000530841321,0.1921462830373299,0.2757294161821559,0.2912003734443778,0.0118238742520042,4.173234480574147
Pbx2,0.2291000532784139,0.192146282978402,0.2757294164530739,0.291200373059656,0.0118238742304539,4.173234481325755
Snrnp48,0.1898323764125261,0.1600755759264541,0.2963102244171377,0.3369074439530808,0.0168743792908012,3.4894554635026
Gm1673,0.2291000532958209,0.1921462829664457,0.2757294164559354,0.2912003730225261,0.0118238742592716,4.173234481422794
Atp2a2,0.3649107686827227,0.1614089660511043,0.2174390867107667,0.2515954178833552,0.0046457606720509,6.1236536199765315
Cox10,0.2291000531291461,0.19214628302629,0.2757294162533074,0.2912003733562813,0.0118238742349751,4.1732344807366655
Atp6v0e,0.3653662023634542,0.2136932363194157,0.1727945391456434,0.2398109162426988,0.0083351059287877,6.49212713780207
Rangap1,0.4714707043788623,0.1629031031242304,0.1725269266244648,0.1858528904559587,0.0072463754164835,7.6850828848587875
Gtf2f2,0.1898323771002193,0.1600755759964213,0.2963102248276053,0.3369074427990818,0.0168743792766722,3.4894554697714524
Magee1,0.1504805247018281,0.173964464795558,0.2476991134159775,0.4156111473972354,0.0122447496894009,3.3285296416734913
Arrdc2,0.1504805249592646,0.1739644650152265,0.2476991132830323,0.4156111471032279,0.0122447496392486,3.3285296462092777
Trip12,0.1504805246286063,0.1739644647627089,0.2476991134600262,0.4156111474986259,0.0122447496500325,3.3285296405501077
Dnmt1,0.2589455169713369,0.3048977518245134,0.15577643520623,0.2728896649561564,0.0074906310417631,5.489117520452716
Dhx37,0.229100053377415,0.1921462829377797,0.2757294165571509,0.2912003728593905,0.0118238742682638,4.17323448175588
Zhx2,0.2291000533239356,0.1921462829601632,0.2757294165023398,0.2912003729677472,0.011823874245814,4.173234481521575
Zfp637,0.2291000532225425,0.1921462829975396,0.2757294163821907,0.2912003731711672,0.0118238742265598,4.173234481099862
Jtb,0.200474677477296,0.2743689481406688,0.2213755452716858,0.292593238836105,0.0111875902742442,4.318236702498122
Fth1,0.690544318644714,0.0769218407940282,0.1122882043774894,0.1140565225566625,0.0061891136271057,10.529700641867656
Strip2,0.2291000532280294,0.1921462829939916,0.2757294163838008,0.2912003731595512,0.0118238742346268,4.173234481129468
9130401M01Rik,0.2291000534044078,0.1921462829303476,0.2757294165972129,0.2912003728062396,0.011823874261792,4.173234481856947
Tff1,0.1504805247868627,0.1739644648741179,0.2476991133733267,0.4156111473037189,0.0122447496619735,3.328529643205482
Cfap126,0.2291000533290098,0.1921462829534883,0.2757294164929447,0.2912003729556529,0.0118238742689042,4.173234481564051
Hist2h4,0.229100053004492,0.1921462830689388,0.2757294160950039,0.291200373605053,0.0118238742265121,4.173234480232894
Tec,0.2291000529561354,0.1921462830851185,0.2757294160324235,0.2912003737014128,0.0118238742249097,4.173234480039092
Stx7,0.1898323765304001,0.1600755758986798,0.2963102245612869,0.3369074437259181,0.016874379283715,3.489455464077132
Cklf,0.2291000530121561,0.1921462830679904,0.2757294161101046,0.2912003735904246,0.0118238742193241,4.173234480256424
Tmem184a,0.2291000533356643,0.1921462829541558,0.2757294165108382,0.2912003729435455,0.011823874255796,4.173234481577846
Raph1,0.229100053357408,0.1921462829493118,0.2757294165467743,0.291200372901186,0.0118238742453198,4.173234481654178
Atg9b,0.1898323766295902,0.1600755760545415,0.2963102243499951,0.3369074436670979,0.016874379298775,3.4894554668140536
Coa5,0.2291000531828372,0.1921462830073191,0.2757294163195638,0.2912003732488907,0.011823874241389,4.173234480956324
Ikzf4,0.2291000532746106,0.1921462829776309,0.2757294164415981,0.2912003730664206,0.0118238742397395,4.173234481319602
Ube2g1,0.2291000533301788,0.1921462829612893,0.2757294165207303,0.2912003729565874,0.0118238742312139,4.173234481532296
Phf1,0.2291000533516309,0.1921462829502914,0.2757294165362408,0.291200372912318,0.0118238742495188,4.173234481635263
Morn2,0.229100053288345,0.1921462829635631,0.2757294164289937,0.2912003730352782,0.01182387428382,4.173234481416784
Frmd8,0.2291000531116442,0.1921462830301573,0.2757294162242797,0.2912003733903648,0.0118238742435537,4.173234480675368
Csnk2a1,0.4102564262748141,0.3153845857201592,0.1112820519388678,0.1630769360661587,0.0,7.642679442561792
Gm26532,0.2291000531290706,0.1921462830199412,0.275729416232768,0.291200373353892,0.011823874264328,4.173234480764715
Pheta2,0.2291000532401751,0.1921462829904102,0.2757294164010665,0.2912003731355408,0.0118238742328071,4.173234481175998
Ndufb1-ps,0.3679145693836804,0.1564685680868064,0.1913800505171139,0.2781306286202817,0.0061061833921173,6.2954190558932694
Plekha2,0.1922721752839373,0.2298187020228432,0.2521564939952921,0.3116506038541367,0.0141020248437905,3.9346577808300074
Zdhhc23,0.2291000532012517,0.1921462830028729,0.2757294163488957,0.2912003732128797,0.0118238742340997,4.1732344810224955
Mrpl1,0.2291000532906161,0.192146282971009,0.2757294164582493,0.291200373034022,0.0118238742461035,4.173234481389383
Rrm2b,0.2291000533405453,0.1921462829554516,0.2757294165265478,0.2912003729349862,0.0118238742424689,4.17323448158438
Lypla2,0.2240668517103974,0.1908852912033328,0.2019504428808364,0.347561760848424,0.0355356533570092,4.471812321525379
Clec3b,0.2291000531909278,0.1921462830062181,0.2757294163351852,0.2912003732334085,0.0118238742342602,4.1732344809816055
Plekhg3,0.2291000530121903,0.192146283063557,0.2757294160959675,0.2912003735885945,0.0118238742396905,4.1732344802762285
Mrm1,0.2291000533280188,0.1921462829594175,0.2757294165096141,0.2912003729598579,0.0118238742430915,4.17323448153518
Cacna1b,0.2291000530915037,0.1921462830385106,0.2757294162033926,0.2912003734311417,0.0118238742354512,4.1732344805874675
Slc30a9,0.1332066552814177,0.1916221978965405,0.2584124021271214,0.3994888694150545,0.0172698752798656,3.0815233562179443
1700110K17Rik,0.1504805249988734,0.173964465041928,0.2476991132610841,0.4156111470537372,0.0122447496443771,3.32852964686722
Clec10a,0.2291000531986691,0.192146283002577,0.275729416341833,0.2912003732175639,0.0118238742393568,4.173234481017307
Dhrs9,0.2291000531982794,0.1921462829968598,0.2757294163225753,0.2912003732160105,0.0118238742662748,4.173234481041755
Cenpp,0.2291000530538419,0.1921462830508858,0.2757294161539277,0.2912003735061,0.0118238742352444,4.173234480437533
Sema6d,0.2291000532053963,0.192146282996887,0.2757294163395096,0.2912003732027884,0.0118238742554185,4.1732344810595645
2210408I21Rik,0.2291000532947981,0.1921462829722556,0.2757294164721466,0.2912003730267428,0.0118238742340568,4.173234481394375
C77080,0.2291000531786907,0.1921462830091391,0.275729416315585,0.2912003732573258,0.0118238742392592,4.173234480937783
Gm17259,0.1898323770759583,0.1600755761332666,0.2963102245546088,0.3369074429426549,0.0168743792935113,3.4894554713018513
2410018L13Rik,0.2291000532878863,0.1921462829733163,0.2757294164591868,0.2912003730400171,0.0118238742395932,4.173234481372243
Sptlc2,0.1504805247542842,0.1739644648365473,0.2476991133880945,0.4156111473350662,0.0122447496860077,3.3285296425764996
Dennd2c,0.229100053279134,0.1921462829769966,0.2757294164502714,0.2912003730577572,0.0118238742358406,4.173234481333821
Gm43138,0.2291000533316452,0.1921462829576891,0.2757294165126555,0.2912003729524263,0.0118238742455837,4.1732344815520035
1700017B05Rik,0.3663687466733235,0.1708859098753992,0.198120703111559,0.2599788791884723,0.0046457611512458,6.2734683862067335
Map2k7,0.2291000532510276,0.1921462829844334,0.2757294164075881,0.2912003731129807,0.0118238742439701,4.173234481229929
Cdca4,0.3220118613961518,0.1803561402761818,0.2111101105942993,0.2814967623408009,0.005025125392566,5.674922017894661
Stk24,0.3897558914111701,0.2300348726555471,0.1648688347347233,0.2105648518097348,0.0047755493888246,6.88208564793247
Mccc2,0.2291000534169724,0.1921462829239622,0.2757294166064779,0.291200372780333,0.0118238742722542,4.173234481917006
Zfp947,0.2291000529320903,0.1921462830882095,0.275729415985417,0.291200373747353,0.0118238742469302,4.173234479964762
Zfp827,0.1898323766337767,0.1600755760309406,0.296310224397079,0.3369074436423327,0.0168743792958708,3.4894554665501336
Prpf31,0.2291000529921054,0.1921462830733716,0.2757294160798984,0.2912003736298505,0.011823874224774,4.17323448018197
6330403K07Rik,0.2291000532506153,0.1921462829859902,0.2757294164116051,0.2912003731143675,0.0118238742374218,4.1732344812219635
Rsl24d1,0.3663687566614915,0.170885909623791,0.1981206994743868,0.2599788733752241,0.0046457608651065,6.27346852975934
Anxa11os,0.2291000532691285,0.1921462829806088,0.2757294164381709,0.2912003730778004,0.0118238742342913,4.173234481292544
Nae1,0.18983237655802,0.1600755758544165,0.2963102246651237,0.3369074436448135,0.0168743792776261,3.489455463737066
Ifit1bl2,0.2291000533079918,0.1921462829666638,0.2757294164854457,0.2912003729999827,0.0118238742399158,4.173234481452489
Bpnt1,0.2291000532544919,0.1921462829819301,0.275729416407761,0.2912003731055417,0.011823874250275,4.17323448124979
Dstn,0.2291000531526719,0.1921462830216088,0.2757294162939846,0.2912003733106728,0.0118238742210617,4.1732344808167605
Acat2,0.2291000531153619,0.192146283029768,0.2757294162318318,0.291200373383297,0.0118238742397411,4.173234480686466
Sin3b,0.6102564076282067,0.1820512813245283,0.0779487184743586,0.1297435925729065,0.0,9.991161301846786
Josd2,0.1724743321913447,0.2236929048710698,0.237831593957814,0.3537817987532733,0.0122193702264979,3.765302375570015
Zbp1,0.3151257984058344,0.1794734826368664,0.2129229658832943,0.284498658468831,0.0079790946051738,5.570568592819669
Tcea1,0.2970143761808145,0.3628731930959005,0.1439761201295202,0.1915701017768175,0.0045662088169471,6.15982671516539
Ibtk,0.2291000531532241,0.192146283012103,0.2757294162648062,0.2912003733058587,0.0118238742640078,4.173234480860436
Gemin2,0.1898323767534974,0.1600755761141396,0.2963102243367531,0.3369074434938687,0.0168743793017411,3.489455468534377
Gosr2,0.2291000534318377,0.1921462829209338,0.2757294166319544,0.2912003727514863,0.0118238742637877,4.1732344819679295
Phf14,0.1504805247263105,0.1739644648318122,0.2476991134065675,0.4156111473784873,0.0122447496568224,3.328529642191291
Map3k8,0.2291000533121941,0.19214628296564,0.2757294164921097,0.2912003729917611,0.0118238742382949,4.173234481467631
Tex13c2,0.1504805249182228,0.1739644649743905,0.2476991133030032,0.4156111471466129,0.0122447496577704,3.3285296454534405
Mcf2l,0.2291000532837668,0.1921462829758846,0.2757294164576717,0.2912003730487001,0.0118238742339768,4.17323448135044
Ube2cbp,0.2291000534589776,0.1921462829080676,0.2757294166549374,0.2912003726958967,0.0118238742821206,4.173234482093539
Wdr66,0.2291000530198088,0.1921462830613974,0.275729416107076,0.2912003735735684,0.0118238742381493,4.17323448030503
Cyp39a1,0.2291000532940754,0.1921462829718902,0.275729416469264,0.291200373027941,0.0118238742368292,4.1732344813941795
Slc11a1,0.2291000534961682,0.1921462829015051,0.2757294167219283,0.2912003726241306,0.0118238742562676,4.17323448221643
Panx1,0.2118261842501715,0.2098040158953507,0.2864427052870322,0.2750780947030091,0.0168489998644362,3.9262281994555943
Aste1,0.2291000533921888,0.1921462829374308,0.2757294165910044,0.2912003728317814,0.0118238742475944,4.173234481794655
Osbpl7,0.2291000532394387,0.1921462829899664,0.2757294163978996,0.2912003731367333,0.0118238742359619,4.173234481176118
Prkx,0.2291000530919208,0.1921462830395498,0.2757294162077127,0.2912003734307803,0.0118238742300363,4.173234480583896
Kifc3,0.2291000532806351,0.1921462829731819,0.2757294164415911,0.2912003730534461,0.0118238742511456,4.173234481354569
Mcoln1,0.2291000533171902,0.192146282963949,0.2757294164985135,0.2912003729817978,0.0118238742385492,4.173234481487739
Bfsp2,0.1504805248503478,0.1739644649083277,0.2476991133363409,0.4156111472192457,0.0122447496857376,3.328529644211715
Gm15672,0.1504805247904959,0.1739644648827898,0.2476991133726231,0.4156111473029105,0.0122447496511806,3.328529643300844
Irf7,0.2291000533330207,0.1921462829599759,0.2757294165232451,0.2912003729507801,0.0118238742329782,4.173234481545299
Myc,0.2291000530823787,0.1921462830430399,0.2757294161963176,0.2912003734499132,0.0118238742283505,4.1732344805443295
Aaas,0.322011854128269,0.1803561427069633,0.2111101121184949,0.2814967655546632,0.0050251254916094,5.674921925147152
Pxk,0.2291000533898018,0.1921462829348096,0.2757294165769479,0.2912003728351753,0.011823874263265,4.173234481800298
Ucp2,0.1523559349249308,0.2505914204876135,0.2521871953087614,0.3305192289989371,0.014346220279757,3.490389301687243
Tmem150c,0.2291000531170135,0.1921462830303161,0.2757294162374989,0.2912003733804445,0.0118238742347269,4.1732344806881905
Ank,0.2291000533375363,0.1921462829553968,0.2757294165192493,0.2912003729405594,0.0118238742472581,4.173234481577043
Plcb4,0.2291000533714038,0.1921462829414023,0.275729416554539,0.291200372872011,0.0118238742606437,4.173234481724622
Gpr35,0.2291000533147594,0.1921462829638269,0.2757294164923676,0.291200372986269,0.0118238742427769,4.17323448148216
Plin2,0.2291000532578747,0.1921462829855683,0.2757294164274358,0.2912003731007017,0.0118238742284196,4.173234481242132
Gm4189,0.1504805248237865,0.1739644649046865,0.2476991133540612,0.4156111472609873,0.0122447496564784,3.3285296438507657
Safb,0.3415339209912861,0.1604002496685368,0.198348463112013,0.2925231217320855,0.0071942444960783,5.937815008901127
Gm17949,0.2291000532879165,0.1921462829749592,0.2757294164645271,0.2912003730406156,0.0118238742319815,4.173234481365011
Gm14963,0.2291000532109441,0.1921462829978043,0.2757294163555842,0.2912003731928382,0.0118238742428289,4.173234481069461
Fndc3b,0.2291000533266612,0.1921462829617641,0.2757294165139259,0.2912003729633172,0.0118238742343314,4.173234481521321
1810030O07Rik,0.189832376501505,0.1600755758973585,0.2963102245410369,0.336907443775601,0.0168743792844985,3.4894554638340787
Ttf1,0.2291000531559719,0.1921462830214946,0.2757294163014301,0.2912003733044913,0.0118238742166119,4.173234480825583
Slc17a8,0.2291000531761864,0.1921462830065989,0.2757294163015106,0.29120037326097,0.0118238742547338,4.173234480942772
Tbc1d2,0.2291000532618307,0.1921462829831837,0.2757294164291533,0.2912003730923957,0.0118238742334365,4.173234481262705
Gm35189,0.1504805247445327,0.1739644648430671,0.2476991133962535,0.4156111473551018,0.0122447496610447,3.3285296424881885
Tab3,0.1504805247790658,0.1739644648597578,0.2476991133757313,0.4156111473080021,0.0122447496774429,3.328529643024744
4932411K12Rik,0.2291000530102031,0.1921462830656183,0.275729416097874,0.2912003735931108,0.0118238742331936,4.173234480262054
Cpd,0.2291000532549471,0.1921462829853652,0.2757294164198547,0.2912003731060641,0.0118238742337687,4.173234481235658
Zfyve1,0.2291000532981603,0.1921462829671716,0.2757294164638011,0.2912003730184655,0.0118238742524012,4.17323448142546
Tmem30b,0.2291000535239824,0.1921462828829852,0.2757294167283761,0.2912003725650345,0.0118238742996216,4.173234482368886
Gm43462,0.2291000533728686,0.192146282941315,0.275729416557727,0.2912003728692525,0.0118238742588366,4.173234481728699
Pafah1b1,0.5534245813811142,0.2474886355815398,0.0926940764962569,0.1018264965261449,0.004566210014944,9.343011996700804
Stx5a,0.1504805250708107,0.1739644651011292,0.247699113223475,0.4156111469702719,0.012244749634313,3.328529648122407
Sccpdh,0.1504805247522493,0.1739644648515936,0.2476991133926772,0.4156111473474533,0.0122447496560264,3.3285296426350746
Mamdc4,0.2291000531496735,0.1921462830190324,0.275729416278624,0.2912003733152215,0.0118238742374485,4.173234480820668
Cyp4f16,0.2291000533903339,0.1921462829355144,0.2757294165804677,0.2912003728344668,0.0118238742592169,4.173234481798505
Zgrf1,0.2291000533244987,0.1921462829585989,0.2757294164986559,0.2912003729660769,0.0118238742521694,4.173234481529953
Aco2,0.1993141845599108,0.1937792132454128,0.2409810869023272,0.3537891168234049,0.0121363984689442,4.010249110581334
Rab36,0.1504805247629763,0.1739644648641467,0.247699113387853,0.4156111473372411,0.0122447496477826,3.328529642843203
Pecam1,0.2291000530533402,0.1921462830514653,0.2757294161545987,0.2912003735072637,0.011823874233332,4.173234480433691
Katnbl1,0.1898323762615359,0.1600755757812061,0.2963102245680364,0.336907444110553,0.0168743792786685,3.4894554604931844
Akap13,0.4307969406435637,0.1530846975403218,0.1717694799701986,0.2373495816578792,0.0069993001880364,7.169439882505856
Lgmn,0.2291000532631124,0.1921462829811744,0.2757294164257433,0.2912003730892121,0.0118238742407578,4.173234481274872
Rap1a,0.4282498819121876,0.2103090699853877,0.153183563735343,0.1990292706862815,0.0092282136808,7.36616570115077
Galnt3,0.1504805247384434,0.1739644648347951,0.2476991133987508,0.4156111473602116,0.012244749667799,3.3285296423635935
Hnrnpc,0.4102563066963101,0.3153846509971398,0.1112820728845566,0.1630769694219936,0.0,7.64267800055185
Maip1,0.2291000532513636,0.1921462829807205,0.2757294163964762,0.2912003731108766,0.0118238742605631,4.17323448124729
A630001G21Rik,0.229100053129457,0.1921462830278714,0.2757294162591149,0.2912003733563334,0.0118238742272231,4.173234480730415
Dclre1c,0.2291000533731039,0.1921462829387008,0.2757294165498998,0.2912003728677735,0.0118238742705217,4.173234481740922
Pard6g,0.2291000532857155,0.1921462829714912,0.275729416448195,0.2912003730433262,0.0118238742512719,4.173234481374892
Tmx3,0.1309584537898172,0.1939203591466523,0.2604607634555005,0.4045847929301054,0.0100756306779244,3.0656365052598042
Cyhr1,0.2291000532233363,0.1921462829955378,0.2757294163776499,0.2912003731688937,0.0118238742345822,4.173234481110766
Card9,0.2291000530758558,0.1921462830432537,0.2757294161815625,0.2912003734621268,0.011823874237201,4.173234480526944
Hoxaas3,0.229100053197532,0.1921462829990241,0.275729416327747,0.2912003732182625,0.0118238742574341,4.173234481030245
4933405E24Rik,0.229100053165686,0.1921462830142729,0.2757294163012649,0.291200373283552,0.0118238742352241,4.173234480882181
Rabgap1,0.2291000533829893,0.1921462829372058,0.2757294165685056,0.2912003728487972,0.0118238742625021,4.173234481772479
Zbtb20,0.2291000528509577,0.192146283119494,0.2757294158936913,0.2912003739106738,0.011823874225183,4.173234479621192
Gm12359,0.2291000532640855,0.1921462829822087,0.2757294164313642,0.2912003730878147,0.0118238742345266,4.173234481272722
Bud23,0.150480524453356,0.1739644646260043,0.2476991135532299,0.4156111477064682,0.0122447496609414,3.328529637534581
Eri1,0.3022662402432303,0.1283295439847447,0.2189292718638124,0.3382301942954005,0.0122447496128119,5.254035941834042
Qrfp,0.2291000532618592,0.1921462829814741,0.2757294164237384,0.2912003730916614,0.0118238742412665,4.17323448127038
Zfp26,0.1504805249140094,0.173964464976272,0.2476991133063317,0.415611147154709,0.0122447496486779,3.3285296454100184
Dsc2,0.2291000533785296,0.1921462829393775,0.2757294165649139,0.2912003728579546,0.0118238742592242,4.17323448175158
Ulbp1,0.2118261840092125,0.2098040160222023,0.2864427051047497,0.2750780949958401,0.0168489998679952,3.926228197819207
Slc25a2,0.2291000533135222,0.1921462829628838,0.2757294164864143,0.2912003729881937,0.0118238742489858,4.173234481483238
Taf7,0.1724743321435931,0.2236929049198825,0.2378315939883402,0.353781798718721,0.0122193702294629,3.765302374909833
Rasgrf2,0.2291000529677278,0.1921462830805297,0.2757294160451482,0.2912003736780296,0.0118238742285646,4.173234480088711
Gm50210,0.229100053276325,0.1921462829741519,0.2757294164344988,0.2912003730618469,0.0118238742531773,4.1732344813393984
Hcn3,0.2291000534356544,0.1921462829157701,0.2757294166244291,0.2912003727423321,0.0118238742818141,4.173234482000514
Trmt10b,0.2291000533158908,0.1921462829600288,0.2757294164828652,0.291200372982652,0.0118238742585632,4.173234481501905
B630019A10Rik,0.2291000533109666,0.1921462829612799,0.2757294164752211,0.2912003729923064,0.0118238742602259,4.173234481483933
Gm27166,0.1898323768401943,0.1600755760751198,0.2963102244772749,0.3369074433130624,0.0168743792943485,3.4894554687231993
Fam222b,0.229100053386211,0.1921462829370956,0.275729416575779,0.2912003728427629,0.0118238742581512,4.173234481781085
Gm46404,0.1898323765857358,0.1600755759342118,0.2963102245388282,0.3369074436551387,0.0168743792860854,3.4894554649575094
Mmp14,0.2291000532906159,0.1921462829725659,0.2757294164632417,0.2912003730346428,0.0118238742389336,4.173234481382457
Cyp4f18,0.2291000531071249,0.1921462830317984,0.2757294162188445,0.2912003733994218,0.0118238742428103,4.173234480656682
Brat1,0.2291000532474241,0.1921462829789794,0.2757294163815668,0.2912003731175079,0.0118238742745217,4.1732344812451085
Atp2c1,0.2291000532893337,0.192146282972125,0.2757294164587925,0.2912003730368512,0.0118238742428974,4.173234481381188
St3gal3,0.2291000531863496,0.1921462830068878,0.2757294163264953,0.2912003732421879,0.0118238742380792,4.173234480967093
Ap5s1,0.2291000530951346,0.1921462830373539,0.2757294162082781,0.2912003734239297,0.0118238742353035,4.17323448060176
Sdc1,0.2291000533672504,0.1921462829420999,0.2757294165469446,0.2912003728800117,0.0118238742636932,4.173234481711054
Gm36211,0.2291000533166169,0.1921462829584432,0.275729416479499,0.29120037298067,0.0118238742647707,4.173234481510786
Snf8,0.4269836857223718,0.1926138817583522,0.1443393504314715,0.2285724440221655,0.0074906380656387,7.366590115908543
Pip4p2,0.2291000533595655,0.1921462829487699,0.2757294165501439,0.2912003728969584,0.0118238742445622,4.173234481662022
4933404O12Rik,0.2291000531319525,0.1921462830266995,0.275729416261264,0.2912003733512261,0.0118238742288576,4.173234480741914
Arpc4,0.1523553242347432,0.2505932682171825,0.252186465735224,0.3305187691378791,0.014346172674971,3.4903902208401316
Cmas,0.2291000533409156,0.1921462829514271,0.275729416514518,0.2912003729326941,0.0118238742604449,4.173234481603213
Klf1,0.2291000532949692,0.1921462829667756,0.2757294164549773,0.2912003730242412,0.0118238742590365,4.173234481419181
Xpo6,0.2291000532537819,0.1921462829790717,0.2757294163969129,0.2912003731057231,0.0118238742645103,4.173234481260717
1700105P06Rik,0.229100053269363,0.1921462829791635,0.2757294164340909,0.2912003730767887,0.0118238742405938,4.173234481299565
Cnppd1,0.2097013925516597,0.2092216781203761,0.2292696142796551,0.3417316844010071,0.0100756306473018,4.244392599370142
Mms19,0.2291000529903278,0.192146283076166,0.275729416084652,0.2912003736342691,0.011823874214585,4.173234480165062
Cspg5,0.2291000531945558,0.19214628300526,0.2757294163407003,0.2912003732262811,0.0118238742332028,4.173234480995009
Ube2z,0.2291000531814064,0.1921462830088126,0.2757294163209669,0.291200373252146,0.0118238742366678,4.173234480946075
Mest,0.2291000530653457,0.1921462830458447,0.2757294161649923,0.2912003734827014,0.0118238742411156,4.17323448048894
Gatad2b,0.2291000533488283,0.1921462829485038,0.2757294165238735,0.2912003729168167,0.0118238742619774,4.173234481636154
Pcif1,0.4007547890103855,0.1956574637887378,0.1799189626506307,0.2186436592388529,0.0050251253113927,6.853677978409245
Zfp983,0.2291000533769867,0.1921462829391736,0.2757294165606075,0.2912003728607423,0.0118238742624897,4.173234481748601
Sestd1,0.2291000533076854,0.1921462829633726,0.2757294164741651,0.2912003729992412,0.0118238742555355,4.173234481466357
Gm42903,0.2291000532583305,0.1921462829808422,0.2757294164133585,0.2912003730979708,0.0118238742494977,4.1732344812643
Tnni1,0.2291000531864123,0.1921462830078009,0.275729416329572,0.2912003732424352,0.0118238742337794,4.173234480963189
Tlr6,0.2291000529179743,0.1921462830962265,0.2757294159777125,0.2912003737767942,0.0118238742312923,4.1732344798935355
Tet3,0.2291000532616542,0.1921462829800853,0.2757294164187988,0.2912003730914894,0.0118238742479724,4.173234481276042
Npc2,0.4282499402301846,0.2103089836981441,0.1531835666353027,0.1990292983177357,0.0092282111186328,7.366166214858836
Cd27,0.1712215543333835,0.3402979846559444,0.2325615881509525,0.2311367493165782,0.0247821235431412,4.006824713971514
Tlnrd1,0.1504805249448451,0.1739644650017851,0.2476991132902395,0.4156111471190138,0.0122447496441163,3.32852964594882
Ptprn,0.2291000533007583,0.1921462829681472,0.2757294164730797,0.2912003730140236,0.0118238742439909,4.1732344814276665
